{
  "window": {
    "startupPosX": 522,
    "startupPosY": 60,
    "viewportWidth": 1019.0,
    "viewportHeight": 912.0,
    "colBGx": 0.19013716280460358,
    "colBGy": 0.542361855506897,
    "colBGz": 0.6185185313224792,
    "theme": 1
  },
  "image": {
    "imageSaveFormatIndex": 0
  }
}