{
  "window": {
    "startupPosX": 373,
    "startupPosY": 72,
    "viewportWidth": 900.0,
    "viewportHeight": 900.0,
    "colBGx": 0.25275719165802,
    "colBGy": 0.720984160900116,
    "colBGz": 0.8222222328186035,
    "theme": 1
  },
  "image": {
    "imageSaveFormatIndex": 0
  }
}