{
  "window": {
    "startupPosX": 438,
    "startupPosY": 41,
    "viewportWidth": 1026.0,
    "viewportHeight": 925.0,
    "colBGx": 0.25275719165802,
    "colBGy": 0.720984160900116,
    "colBGz": 0.8222222328186035,
    "theme": 1
  },
  "image": {
    "imageSaveFormatIndex": 0
  }
}