{
  "window": {
    "startupPosX": 446,
    "startupPosY": 182,
    "viewportWidth": 989.0,
    "viewportHeight": 377.0,
    "colBGx": 0.46666663885116577,
    "colBGy": 0.32347872853279114,
    "colBGz": 0.06395061314105988,
    "theme": 1
  },
  "image": {
    "imageSaveFormatIndex": 0
  }
}