{
  "window": {
    "startupPosX": 380,
    "startupPosY": 160,
    "viewportWidth": 1079.0,
    "viewportHeight": 442.0,
    "colBGx": 0.4444444179534912,
    "colBGy": 0.30397799611091614,
    "colBGz": 0.049382708966732025,
    "theme": 1
  },
  "image": {
    "imageSaveFormatIndex": 0
  }
}