{
  "window": {
    "startupPosX": 432,
    "startupPosY": 135,
    "viewportWidth": 1079.0,
    "viewportHeight": 442.0,
    "colBGx": 0.46666663885116577,
    "colBGy": 0.32347872853279114,
    "colBGz": 0.06395061314105988,
    "theme": 1
  },
  "image": {
    "imageSaveFormatIndex": 0
  }
}