{
  "window": {
    "startupPosX": 624,
    "startupPosY": 169,
    "viewportWidth": 647.0,
    "viewportHeight": 743.0,
    "colBGx": 0.46666663885116577,
    "colBGy": 0.32347872853279114,
    "colBGz": 0.06395061314105988,
    "theme": 1
  },
  "image": {
    "imageSaveFormatIndex": 0
  }
}