{
  "window": {
    "startupPosX": 534,
    "startupPosY": 116,
    "viewportWidth": 616.0,
    "viewportHeight": 549.0,
    "colBGx": 0.10000000149011612,
    "colBGy": 0.10000000149011612,
    "colBGz": 0.15000000596046448,
    "theme": 1
  },
  "image": {
    "imageSaveFormatIndex": 0
  }
}