{
  "window": {
    "startupPosX": 464,
    "startupPosY": 148,
    "viewportWidth": 900.0,
    "viewportHeight": 587.0,
    "colBGx": 0.10000000149011612,
    "colBGy": 0.10000000149011612,
    "colBGz": 0.11999999731779099,
    "theme": 1
  },
  "image": {
    "imageSaveFormatIndex": 0
  }
}