{
  "window": {
    "startupPosX": 411,
    "startupPosY": 72,
    "viewportWidth": 1024.0,
    "viewportHeight": 900.0,
    "colBGx": 0.32290810346603394,
    "colBGy": 0.39629632234573364,
    "colBGz": 0.3767261505126953,
    "theme": 0
  },
  "image": {
    "imageSaveFormatIndex": 0
  }
}