{
  "window": {
    "startupPosX": 19,
    "startupPosY": 63,
    "viewportWidth": 1760.0,
    "viewportHeight": 710.0,
    "colBGx": 0.32290810346603394,
    "colBGy": 0.39629632234573364,
    "colBGz": 0.3767261505126953,
    "theme": 2
  },
  "image": {
    "imageSaveFormatIndex": 0
  }
}