{
  "window": {
    "startupPosX": 312,
    "startupPosY": 74,
    "viewportWidth": 1272.0,
    "viewportHeight": 900.0,
    "colBGx": 0.32290810346603394,
    "colBGy": 0.39629632234573364,
    "colBGz": 0.3767261505126953,
    "theme": 1
  },
  "image": {
    "imageSaveFormatIndex": 0
  }
}