{
  "window": {
    "startupPosX": 182,
    "startupPosY": 123,
    "viewportWidth": 1361.0,
    "viewportHeight": 627.0,
    "colBGx": 0.32290810346603394,
    "colBGy": 0.39629632234573364,
    "colBGz": 0.3767261505126953,
    "theme": 1
  },
  "image": {
    "imageSaveFormatIndex": 0
  }
}