{
  "window": {
    "startupPosX": 115,
    "startupPosY": 224,
    "viewportWidth": 1751.0,
    "viewportHeight": 695.0,
    "colBGx": 0.32290810346603394,
    "colBGy": 0.39629632234573364,
    "colBGz": 0.3767261505126953,
    "theme": 2
  },
  "image": {
    "imageSaveFormatIndex": 0
  }
}