{
  "window": {
    "startupPosX": 70,
    "startupPosY": 100,
    "viewportWidth": 1748.0,
    "viewportHeight": 703.0,
    "colBGx": 0.32290810346603394,
    "colBGy": 0.39629632234573364,
    "colBGz": 0.3767261505126953,
    "theme": 2
  },
  "image": {
    "imageSaveFormatIndex": 0
  }
}