{
  "window": {
    "startupPosX": 434,
    "startupPosY": 56,
    "viewportWidth": 997.0,
    "viewportHeight": 933.0,
    "colBGx": 0.15555556118488312,
    "colBGy": 0.6553085446357727,
    "colBGz": 0.6666666269302368,
    "theme": 1
  },
  "image": {
    "imageSaveFormatIndex": 0
  }
}