{
  "window": {
    "startupPosX": 111,
    "startupPosY": 51,
    "viewportWidth": 1007.0,
    "viewportHeight": 930.0,
    "colBGx": 0.5688889026641846,
    "colBGy": 0.5896296501159668,
    "colBGz": 0.6000000238418579,
    "theme": 1
  },
  "image": {
    "imageSaveFormatIndex": 0
  }
}