{
  "window": {
    "startupPosX": 111,
    "startupPosY": 51,
    "viewportWidth": 1007.0,
    "viewportHeight": 929.0,
    "colBGx": 0.12414266169071198,
    "colBGy": 0.4882946312427521,
    "colBGz": 0.67037034034729,
    "theme": 1
  },
  "image": {
    "imageSaveFormatIndex": 0
  }
}