{
  "window": {
    "startupPosX": 633,
    "startupPosY": 105,
    "viewportWidth": 1003.0,
    "viewportHeight": 933.0,
    "colBGx": 0.09846364706754684,
    "colBGy": 0.7047394514083862,
    "colBGz": 0.7185184955596924,
    "theme": 1
  },
  "image": {
    "imageSaveFormatIndex": 0
  }
}