{
  "window": {
    "startupPosX": 351,
    "startupPosY": 69,
    "viewportWidth": 995.0,
    "viewportHeight": 913.0,
    "colBGx": 0.0448148250579834,
    "colBGy": 0.43918514251708984,
    "colBGz": 0.44814813137054443,
    "theme": 1
  },
  "image": {
    "imageSaveFormatIndex": 0
  }
}