{
  "window": {
    "startupPosX": 458,
    "startupPosY": 164,
    "viewportWidth": 975.0,
    "viewportHeight": 712.0,
    "colBGx": 0.06172839552164078,
    "colBGy": 0.4650208652019501,
    "colBGz": 0.6666666269302368,
    "theme": 2
  },
  "image": {
    "imageSaveFormatIndex": 0
  }
}