{
  "window": {
    "startupPosX": 566,
    "startupPosY": 112,
    "viewportWidth": 974.0,
    "viewportHeight": 712.0,
    "colBGx": 0.1160905584692955,
    "colBGy": 0.5745006799697876,
    "colBGz": 0.8037037253379822,
    "theme": 1
  },
  "image": {
    "imageSaveFormatIndex": 0
  }
}