{
  "window": {
    "startupPosX": 402,
    "startupPosY": 85,
    "viewportWidth": 974.0,
    "viewportHeight": 712.0,
    "colBGx": 0.3888889253139496,
    "colBGy": 0.5617288947105408,
    "colBGz": 0.6481481790542603,
    "theme": 2
  },
  "image": {
    "imageSaveFormatIndex": 0
  }
}