{
  "window": {
    "startupPosX": 13,
    "startupPosY": 58,
    "viewportWidth": 975.0,
    "viewportHeight": 712.0,
    "colBGx": 0.29242798686027527,
    "colBGy": 0.5592049360275269,
    "colBGz": 0.6925926208496094,
    "theme": 2
  },
  "image": {
    "imageSaveFormatIndex": 0
  }
}